0 0.23213246928518244 0.9638480392156862 0.03764310312732693 0.035539215686274446
0 0.5520988458674608 0.9246323529411765 0.030672158103747835 0.04289215686274517
0 0.6838497068131051 0.7910539215686275 0.043219859146190205 0.03308823529411768
0 0.027883780094316205 0.1568627450980392 0.02788378009431621 0.029411764705882356
0 0.02370121308016878 0.7530637254901962 0.025095402084884588 0.035539215686274585
0 0.463567844068007 0.6734068627450981 0.05716174919334826 0.03308823529411768
0 0.3346053611317945 0.7775735294117646 0.04461404815090592 0.03308823529411768
0 0.3854932598039216 0.7536764705882354 0.037643103127326896 0.03186274509803923
0 0.38479616530156363 0.801470588235294 0.05297918217920078 0.029411764705882318
0 0.22167605174981386 0.8131127450980392 0.03624891412261107 0.037990196078431494
0 0.2635017218912881 0.8082107843137254 0.04182567014147434 0.04044117647058826
0 0.22725280776867707 0.7628676470588235 0.04461404815090592 0.033088235294117536
0 0.6699078167659468 0.7408088235294117 0.029277969099031936 0.035539215686274585
0 0.21609929573095057 0.21875 0.047402426160337574 0.037990196078431356
0 0.14081308947629684 0.1213235294117647 0.052979182179200814 0.04166666666666666
0 0.1436014674857285 0.7169117647058824 0.04740242616033756 0.03186274509803923
0 0.2704726669148672 0.5551470588235294 0.04182567014147434 0.039215686274509734
0 0.17706200359890795 0.6072303921568628 0.04461404815090592 0.037990196078431356
0 0.8978577190369819 0.5533088235294117 0.030672158103747904 0.037990196078431356
0 0.6706049112683047 0.14767156862745096 0.033460536113179416 0.037990196078431356
0 0.09398272198548863 0.4988565995583095 0.025365578944180314 0.0320152123673347
0 0.30243574894984226 0.36850894920559 0.027316777324501943 0.027441610600572517
0 0.2035750310135498 0.4488328302343491 0.03512157084578813 0.01429250552113153
0 0.38471128065340154 0.4717008390681596 0.03317037246546661 0.031443512146489355
0 0.36129690008954285 0.4365412754861761 0.029267975704823427 0.0320152123673347
0 0.32650052897380827 0.40081001168334723 0.04422716328728878 0.02115290817127459
0 0.522123782266071 0.49264705882352944 0.029277969099032006 0.039215686274509734
0 0.3541240071978159 0.020220588235294115 0.033460536113179486 0.023284313725490193
0 0.46844750558451226 0.08517156862745098 0.04740242616033761 0.030637254901960783
0 0.7849284096550012 0.43137254901960786 0.03624891412261093 0.03921568627450988
0 0.2307382802804666 0.6176470588235294 0.03485472511789528 0.03676470588235297
0 0.020912835070737157 0.29534313725490197 0.03624891412261107 0.03186274509803923
0 0.4098915673864482 0.36703431372549017 0.04182567014147431 0.025735294117646957
0 0.426621835443038 0.35049019607843135 0.036248914122611 0.029411764705882318
0 0.2293440912757508 0.16789215686274508 0.04043148113675851 0.026960784313725485
0 0.2579249658724249 0.21200980392156865 0.039037292132042684 0.04166666666666668
0 0.3548211017001737 0.6121323529411764 0.034854725117895245 0.035539215686274446
0 0.3541240071978159 0.5698529411764706 0.05019080416976912 0.039215686274509734
0 0.49424000217175473 0.3425245098039216 0.04321985914619013 0.035539215686274515
0 0.7779574646314222 0.0545343137254902 0.041825670141474376 0.0428921568627451
0 0.7814429371432118 0.6525735294117646 0.034854725117895245 0.04044117647058826
0 0.7821400316455696 0.7689950980392157 0.04182567014147423 0.04289215686274517
0 0.5785884369570613 0.97671568627451 0.0501908041697692 0.0367647058823529
0 0.37991660231587276 0.20343160418675246 0.03485472511789517 0.029411764705882356
0 0.23352665828989824 0.02757352941176471 0.04321985914619013 0.03308823529411765
0 0.8225715127823281 0.27267156862745096 0.030672158103747904 0.03308823529411772
0 0.7807458426408539 0.13419117647058826 0.039037292132042725 0.02083333333333334
0 0.927135688136014 0.2493872549019608 0.033460536113179416 0.030637254901960807
0 0.3882816378133532 0.15747549019607845 0.04043148113675855 0.03799019607843137
0 0.33948502264829983 0.17769607843137256 0.037643103127326896 0.0392156862745098
0 0.8602146159096549 0.23161764705882354 0.039037292132042725 0.03186274509803923
0 0.9375921056713824 0.46568627450980393 0.04043148113675841 0.0392156862745098
0 0.5709203974311243 0.25919117647058826 0.04600823715562172 0.03799019607843139
0 0.5527959403698188 0.22426470588235292 0.04043148113675855 0.03431372549019606
0 0.2293440912757508 0.3621323529411765 0.034854725117895245 0.04044117647058819
0 0.16939396407297097 0.016544117647058824 0.03764310312732684 0.023284313725490197
0 0.7695923306031273 0.16850490196078433 0.033460536113179555 0.0281862745098039
0 0.12687119942913874 0.3449754901960784 0.03624891412261107 0.028186274509803936
